1_face(0,0,234,262).jpg 1
2_face(88,0,332,249).jpg 1
4_face(325,95,328,246).jpg 1
5_face(0,0,219,240).jpg 1
6_face(10,0,352,245).jpg 1
7_face(0,0,277,255).jpg 1
9_face(0,0,263,246).jpg 1
10_face(127,24,372,279).jpg 1
13_face(0,25,338,303).jpg 1
14_face(146,0,328,246).jpg 1
15_face(302,29,404,303).jpg 1
16_face(239,74,364,273).jpg 1
17_face(0,0,280,264).jpg 1
19_face(177,115,364,273).jpg 1
21_face(269,52,376,282).jpg 1
22_face(0,0,221,261).jpg 1
23_face(100,48,368,276).jpg 1
26_face(124,0,368,276).jpg 1
27_face(0,0,189,219).jpg 1
28_face(1,0,369,300).jpg 1
29_face(685,202,376,282).jpg 1
30_face(448,221,340,255).jpg 0
31_face(21,0,303,240).jpg 0
32_face(0,10,286,270).jpg 0
33_face(40,94,324,243).jpg 1
34_face(53,0,388,291).jpg 1
35_face(0,0,287,218).jpg 0
36_face(398,209,392,294).jpg 1
37_face(181,70,436,327).jpg 0
39_face(93,0,344,258).jpg 1
40_face(68,36,328,246).jpg 1
42_face(0,0,186,237).jpg 1
43_face(438,249,368,276).jpg 0
45_face(0,0,324,267).jpg 1
47_face(461,94,336,252).jpg 0
50_face(3,34,314,246).jpg 1
51_face(148,0,412,309).jpg 0
52_face(281,95,376,282).jpg 1
55_face(174,91,376,282).jpg 1
56_face(32,133,360,270).jpg 1
57_face(1539,737,380,285).jpg 0
58_face(169,309,372,279).jpg 0
59_face(162,236,380,285).jpg 0
61_face(37,0,328,246).jpg 0
63_face(977,260,412,309).jpg 1
64_face(6,10,464,348).jpg 1
67_face(657,391,332,249).jpg 1
69_face(299,320,368,276).jpg 0
70_face(491,264,352,264).jpg 0
71_face(116,294,380,285).jpg 0
72_face(343,275,384,288).jpg 0
73_face(499,284,360,270).jpg 1
74_face(343,205,332,249).jpg 0
75_face(208,129,352,264).jpg 1
76_face(273,153,336,252).jpg 0
77_face(692,56,392,294).jpg 1
78_face(189,73,328,246).jpg 0
79_face(156,88,376,282).jpg 1
80_face(226,205,360,270).jpg 1
81_face(322,0,372,279).jpg 0
82_face(812,0,416,312).jpg 1
83_face(323,138,364,273).jpg 0
85_face(37,0,344,258).jpg 0
86_face(777,313,392,294).jpg 0
88_face(273,354,416,312).jpg 0
89_face(215,121,344,258).jpg 0
91_face(249,275,400,300).jpg 0
94_face(161,42,380,285).jpg 0
98_face(156,3,364,273).jpg 0
99_face(22,0,460,345).jpg 0
100_face(271,110,372,279).jpg 1
